[sc22ds@feng-glinux-02 openCL-cwk]$ ./cwk3 8
Original grid (only top-left shown if too large):
0.000 0.000 0.000 0.000 0.000 0.000 0.000 0.000 
0.000 0.238 0.660 0.954 0.408 0.911 0.867 0.000 
0.000 0.896 0.954 0.919 0.421 0.542 0.637 0.000 
0.000 0.338 0.554 0.007 0.817 0.456 0.955 0.000 
0.000 0.235 0.272 0.351 0.636 0.887 0.719 0.000 
0.000 0.008 0.756 0.873 0.844 0.640 0.261 0.000 
0.000 0.504 0.878 0.921 0.458 0.286 0.832 0.000 
0.000 0.000 0.000 0.000 0.000 0.000 0.000 0.000 

Final grid (only top-left shown if too large):
0.000 0.000 0.000 0.000 0.000 0.000 0.000 0.000 
0.000 0.389 0.536 0.497 0.572 0.454 0.387 0.000 
0.000 0.383 0.757 0.584 0.672 0.606 0.591 0.000 
0.000 0.421 0.393 0.660 0.380 0.800 0.453 0.000 
0.000 0.155 0.474 0.447 0.725 0.613 0.526 0.000 
0.000 0.374 0.508 0.718 0.652 0.569 0.548 0.000 
0.000 0.221 0.545 0.552 0.513 0.483 0.137 0.000 
0.000 0.000 0.000 0.000 0.000 0.000 0.000 0.000 

[sc22ds@feng-glinux-02 openCL-cwk]$ ./cwk3 16
Original grid (only top-left shown if too large):
0.000 0.000 0.000 0.000 0.000 0.000 0.000 0.000 0.000 0.000 0.000 0.000 0.000 0.000 0.000 0.000 
0.000 0.171 0.813 0.662 0.189 0.648 0.247 0.340 0.135 0.638 0.259 0.581 0.782 0.443 0.263 0.000 
0.000 0.470 0.653 0.684 0.008 0.005 0.422 0.137 0.850 0.702 0.199 0.922 0.677 0.208 0.120 0.000 
0.000 0.014 0.512 0.960 0.186 0.325 0.623 0.375 0.973 0.870 0.714 0.108 0.508 0.974 0.689 0.000 
0.000 0.290 0.416 0.952 0.760 0.070 0.636 0.768 0.075 0.059 0.905 0.924 0.760 0.104 0.846 0.000 
0.000 0.437 0.312 0.966 0.451 0.824 0.926 0.637 0.149 0.549 0.012 0.123 0.419 0.726 0.231 0.000 
0.000 0.927 0.700 0.920 0.217 0.116 0.872 0.977 0.185 0.508 0.745 0.260 0.566 0.650 0.185 0.000 
0.000 0.327 0.755 0.031 0.764 0.067 0.997 0.215 0.891 0.923 0.852 0.040 0.472 0.863 0.163 0.000 
0.000 0.891 0.589 0.393 0.819 0.289 0.313 0.036 0.405 0.185 0.013 0.590 0.693 0.759 0.850 0.000 
0.000 0.259 0.409 0.035 0.586 0.164 0.066 0.350 0.230 0.062 0.564 0.121 0.985 0.416 0.161 0.000 
0.000 0.458 0.280 0.324 0.349 0.869 0.717 0.168 0.158 0.031 0.204 0.563 0.216 0.217 0.153 0.000 
0.000 0.909 0.976 0.003 0.168 0.385 0.038 0.754 0.549 0.103 0.104 0.779 0.165 0.668 0.900 0.000 
0.000 0.151 0.085 0.061 0.608 0.365 0.385 0.957 0.234 0.102 0.125 0.392 0.133 0.329 0.954 0.000 
0.000 0.349 0.546 0.107 0.258 0.522 0.110 0.426 0.907 0.147 0.181 0.455 0.250 0.285 0.234 0.000 
0.000 0.416 0.953 0.134 0.567 0.038 0.194 0.175 0.403 0.579 0.132 0.636 0.682 0.257 0.028 0.000 
0.000 0.000 0.000 0.000 0.000 0.000 0.000 0.000 0.000 0.000 0.000 0.000 0.000 0.000 0.000 0.000 

Final grid (only top-left shown if too large):
0.000 0.000 0.000 0.000 0.000 0.000 0.000 0.000 0.000 0.000 0.000 0.000 0.000 0.000 0.000 0.000 
0.000 0.321 0.372 0.421 0.330 0.110 0.353 0.130 0.457 0.274 0.355 0.491 0.425 0.313 0.141 0.000 
0.000 0.210 0.620 0.571 0.266 0.351 0.253 0.497 0.487 0.639 0.649 0.391 0.605 0.553 0.290 0.000 
0.000 0.318 0.511 0.584 0.513 0.221 0.440 0.625 0.542 0.612 0.521 0.767 0.630 0.377 0.485 0.000 
0.000 0.217 0.517 0.776 0.415 0.636 0.597 0.431 0.487 0.600 0.427 0.474 0.489 0.826 0.256 0.000 
0.000 0.382 0.630 0.659 0.692 0.391 0.742 0.705 0.362 0.182 0.580 0.404 0.544 0.351 0.439 0.000 
0.000 0.366 0.728 0.478 0.563 0.495 0.754 0.477 0.631 0.601 0.408 0.369 0.450 0.585 0.261 0.000 
0.000 0.643 0.412 0.708 0.283 0.541 0.367 0.725 0.432 0.609 0.431 0.544 0.541 0.511 0.475 0.000 
0.000 0.294 0.612 0.368 0.508 0.341 0.347 0.321 0.336 0.351 0.548 0.217 0.702 0.706 0.271 0.000 
0.000 0.439 0.291 0.428 0.342 0.452 0.386 0.125 0.244 0.253 0.100 0.676 0.362 0.531 0.355 0.000 
0.000 0.362 0.542 0.167 0.487 0.404 0.285 0.495 0.244 0.132 0.315 0.330 0.483 0.363 0.319 0.000 
0.000 0.396 0.319 0.382 0.336 0.360 0.560 0.428 0.312 0.196 0.303 0.306 0.449 0.403 0.444 0.000 
0.000 0.336 0.433 0.201 0.213 0.475 0.367 0.450 0.629 0.152 0.195 0.373 0.284 0.510 0.366 0.000 
0.000 0.278 0.373 0.250 0.451 0.192 0.382 0.537 0.302 0.442 0.215 0.365 0.389 0.268 0.317 0.000 
0.000 0.326 0.274 0.407 0.107 0.321 0.081 0.256 0.415 0.171 0.349 0.317 0.286 0.249 0.123 0.000 
0.000 0.000 0.000 0.000 0.000 0.000 0.000 0.000 0.000 0.000 0.000 0.000 0.000 0.000 0.000 0.000 

[sc22ds@feng-glinux-02 openCL-cwk]$ ./cwk3 4
Original grid (only top-left shown if too large):
0.000 0.000 0.000 0.000 
0.000 0.961 0.875 0.000 
0.000 0.674 0.287 0.000 
0.000 0.000 0.000 0.000 

Final grid (only top-left shown if too large):
0.000 0.000 0.000 0.000 
0.000 0.387 0.312 0.000 
0.000 0.312 0.387 0.000 
0.000 0.000 0.000 0.000 

[sc22ds@feng-glinux-02 openCL-cwk]$ ./cwk3 8
Original grid (only top-left shown if too large):
0.000 0.000 0.000 0.000 0.000 0.000 0.000 0.000 
0.000 0.895 0.030 0.386 0.567 0.554 0.735 0.000 
0.000 0.586 0.789 0.888 0.518 0.165 0.739 0.000 
0.000 0.051 0.726 0.395 0.786 0.316 0.388 0.000 
0.000 0.240 0.875 0.789 0.584 0.022 0.541 0.000 
0.000 0.484 0.484 0.597 0.876 0.339 0.838 0.000 
0.000 0.501 0.234 0.868 0.887 0.801 0.422 0.000 
0.000 0.000 0.000 0.000 0.000 0.000 0.000 0.000 

Final grid (only top-left shown if too large):
0.000 0.000 0.000 0.000 0.000 0.000 0.000 0.000 
0.000 0.154 0.517 0.371 0.364 0.367 0.323 0.000 
0.000 0.434 0.558 0.522 0.602 0.532 0.322 0.000 
0.000 0.388 0.528 0.798 0.453 0.340 0.399 0.000 
0.000 0.353 0.560 0.613 0.618 0.445 0.312 0.000 
0.000 0.307 0.548 0.755 0.602 0.634 0.326 0.000 
0.000 0.180 0.464 0.430 0.636 0.412 0.410 0.000 
0.000 0.000 0.000 0.000 0.000 0.000 0.000 0.000 

[sc22ds@feng-glinux-02 openCL-cwk]$ ./cwk3 8
Original grid (only top-left shown if too large):
0.000 0.000 0.000 0.000 0.000 0.000 0.000 0.000 
0.000 0.189 0.096 0.400 0.171 0.725 0.840 0.000 
0.000 0.895 0.266 0.416 0.946 0.215 0.550 0.000 
0.000 0.062 0.989 0.354 0.590 0.228 0.711 0.000 
0.000 0.213 0.190 0.653 0.613 0.544 0.398 0.000 
0.000 0.641 0.891 0.148 0.863 0.314 0.410 0.000 
0.000 0.092 0.503 0.507 0.492 0.674 0.232 0.000 
0.000 0.000 0.000 0.000 0.000 0.000 0.000 0.000 

Final grid (only top-left shown if too large):
0.000 0.000 0.000 0.000 0.000 0.000 0.000 0.000 
0.000 0.248 0.214 0.171 0.518 0.306 0.319 0.000 
0.000 0.129 0.599 0.492 0.348 0.612 0.441 0.000 
0.000 0.524 0.218 0.662 0.535 0.515 0.294 0.000 
0.000 0.223 0.686 0.326 0.662 0.388 0.416 0.000 
0.000 0.299 0.371 0.728 0.392 0.623 0.236 0.000 
0.000 0.286 0.372 0.286 0.511 0.260 0.271 0.000 
0.000 0.000 0.000 0.000 0.000 0.000 0.000 0.000 

[sc22ds@feng-glinux-02 openCL-cwk]$ ./cwk3 16
Original grid (only top-left shown if too large):
0.000 0.000 0.000 0.000 0.000 0.000 0.000 0.000 0.000 0.000 0.000 0.000 0.000 0.000 0.000 0.000 
0.000 0.350 0.468 0.336 0.834 0.870 0.212 0.090 0.104 0.890 0.049 0.841 0.657 0.783 0.666 0.000 
0.000 0.749 0.569 0.594 0.150 0.730 0.300 0.598 0.574 0.688 0.229 0.634 0.131 0.383 0.914 0.000 
0.000 0.028 0.500 0.111 0.377 0.968 0.447 0.212 0.838 0.660 0.302 0.941 0.550 0.351 0.782 0.000 
0.000 0.207 0.134 0.448 0.955 0.703 0.042 0.106 0.433 0.343 0.704 0.007 0.030 0.933 0.641 0.000 
0.000 0.161 0.316 0.554 0.188 0.815 0.666 0.566 0.783 0.113 0.778 0.621 0.773 0.080 0.562 0.000 
0.000 0.322 0.432 0.345 0.529 0.565 0.793 0.485 0.269 0.835 0.590 0.702 0.178 0.294 0.709 0.000 
0.000 0.208 0.228 0.349 0.369 0.543 0.903 0.557 0.359 0.569 0.123 0.142 0.682 0.901 0.763 0.000 
0.000 0.454 0.981 0.325 0.777 0.413 0.670 0.306 0.978 0.463 0.790 0.247 0.298 0.381 0.948 0.000 
0.000 0.475 0.675 0.657 0.683 0.903 0.006 0.052 0.446 0.909 0.610 0.805 0.478 0.733 0.947 0.000 
0.000 0.160 0.634 0.710 0.614 0.615 0.035 0.391 0.028 0.705 0.697 0.006 0.167 0.487 0.253 0.000 
0.000 0.465 0.868 0.201 0.941 0.543 0.858 0.624 0.446 0.864 0.676 0.892 0.773 0.286 0.697 0.000 
0.000 0.251 0.018 0.644 0.411 0.652 0.354 0.026 0.268 0.389 0.417 0.295 0.094 0.113 0.301 0.000 
0.000 0.261 0.601 0.554 0.727 0.469 0.755 0.667 0.012 0.612 0.291 0.458 0.476 0.967 0.350 0.000 
0.000 0.249 0.253 0.047 0.500 0.271 0.691 0.912 0.924 0.046 0.937 0.191 0.435 0.354 0.486 0.000 
0.000 0.000 0.000 0.000 0.000 0.000 0.000 0.000 0.000 0.000 0.000 0.000 0.000 0.000 0.000 0.000 

Final grid (only top-left shown if too large):
0.000 0.000 0.000 0.000 0.000 0.000 0.000 0.000 0.000 0.000 0.000 0.000 0.000 0.000 0.000 0.000 
0.000 0.304 0.314 0.474 0.339 0.444 0.315 0.229 0.389 0.210 0.490 0.335 0.439 0.426 0.424 0.000 
0.000 0.237 0.578 0.292 0.634 0.572 0.497 0.294 0.557 0.588 0.418 0.536 0.556 0.545 0.458 0.000 
0.000 0.364 0.210 0.480 0.546 0.564 0.381 0.497 0.470 0.543 0.634 0.373 0.363 0.662 0.476 0.000 
0.000 0.081 0.368 0.439 0.429 0.695 0.480 0.313 0.517 0.477 0.357 0.574 0.566 0.276 0.569 0.000 
0.000 0.211 0.320 0.324 0.714 0.531 0.554 0.510 0.345 0.685 0.507 0.565 0.227 0.641 0.357 0.000 
0.000 0.200 0.303 0.466 0.367 0.670 0.655 0.546 0.615 0.385 0.609 0.383 0.613 0.467 0.405 0.000 
0.000 0.251 0.492 0.317 0.550 0.563 0.641 0.513 0.593 0.445 0.523 0.438 0.380 0.530 0.639 0.000 
0.000 0.416 0.421 0.691 0.447 0.723 0.407 0.564 0.393 0.812 0.361 0.509 0.447 0.720 0.523 0.000 
0.000 0.322 0.687 0.598 0.738 0.429 0.415 0.287 0.492 0.556 0.800 0.335 0.501 0.573 0.483 0.000 
0.000 0.394 0.603 0.527 0.737 0.524 0.467 0.185 0.497 0.624 0.499 0.640 0.436 0.360 0.533 0.000 
0.000 0.320 0.330 0.791 0.442 0.766 0.389 0.430 0.446 0.554 0.717 0.438 0.360 0.518 0.210 0.000 
0.000 0.186 0.591 0.296 0.741 0.444 0.573 0.478 0.218 0.540 0.413 0.465 0.414 0.412 0.290 0.000 
0.000 0.275 0.272 0.505 0.484 0.601 0.545 0.426 0.618 0.185 0.606 0.313 0.489 0.323 0.439 0.000 
0.000 0.129 0.224 0.327 0.261 0.415 0.484 0.571 0.242 0.618 0.132 0.458 0.255 0.472 0.176 0.000 
0.000 0.000 0.000 0.000 0.000 0.000 0.000 0.000 0.000 0.000 0.000 0.000 0.000 0.000 0.000 0.000